0.1
0.5803490332630307
0.5970908435109626
0.5772577730792803
0.5915620254038756
0.5930875260729032
0.2
0.5914554668767643
0.5769137519764093
0.5894136688229019
0.5883822293050882
0.4892479332849124
0.3
0.5756205756642342
0.5843591246950489
0.5911921488178031
0.6038219799425155
0.5857164573000326
0.4
0.450336229366775
0.5819965345455468
0.5206188699017774
0.5890421942752677
0.5724122754528764
0.5
0.5931860422908591
0.5814297567486235
0.5940468669477744
0.5753921024974384
0.6001529015390523
0.6
0.5812840883096158
0.3648421429618025
0.4017954899190505
0.58505683937066
0.5869270256637705
0.7
0.5810092920723655
0.5986985317553368
0.552843048447551
0.5339541799613482
0.590726293627091
0.8
0.41640846870767917
0.5851136085618982
0.41441028763564436
0.5820967798749864
0.589510272149636
0.9
0.38382377566981674
0.452485335990464
0.592363974886464
0.4037865624353409
0.5879881808665387
1
0.4104145832088669
0.40507106953416
0.6013046297726987
0.5928007080193086
0.4699622324798318
1.1
0.4047089539450727
0.5909685515734248
0.638210476370694
0.42227956056259675
0.3862981947747861
1.2
0.586174913792753
0.5827431450622989
0.600364194828672
0.6072404242396747
0.5066690132810886
1.3
0.41334591452403674
0.5871078415263828
0.4624377393603015
0.4727524599639848
0.3592924650277251
1.4
0.3803402032087846
0.3301060223383369
0.40620592215654505
0.5579542189790107
0.5219617763509666
1.5
0.4095622763332148
0.3958076011928314
0.43614179701132394
0.5868007028221048
0.3600805229559664
0.1
0.590330777731985,0.46563932553511234,0.5854472296838495,0.6054510723533959,0.57667244610974,0.2
0.4530611489546783,0.44668272219337884,0.5825203788569152,0.5862772278404152,0.5886852031736735,0.3
0.5977115591821732,0.47028582534456786,0.5853750670390484,0.578386233173485,0.5619370533961742,0.4
0.5866190185482505,0.5914541579771865,0.5759931389328294,0.5818960204263673,0.5807786440856401,0.5
0.5923940171201525,0.5796639060469787,0.4910795421029548,0.581190191224333,0.5981232989304265,0.6
0.5842483761272914,0.41262596865832546,0.5734211590214924,0.5816759007871775,0.39798063378639614,0.7
0.5971132602048763,0.3928965441448844,0.5797207899820408,0.5830617275245944,0.5975715540985018,0.8
0.5994524210596521,0.4676696836324733,0.5037273751388891,0.5084104906864892,0.39995847818308555,0.9
0.43529698959721413,0.581502678428018,0.5904727432232375,0.34594730193069506,0.5893073676533436,1
0.47745849463111495,0.400164492861507,0.5861989910214698,0.590105588712905,0.4358991840912851,1.1
0.49299191497350586,0.41262009858672377,0.42096378103623056,0.48165882277686056,0.3995928348220589,1.2
0.5862533500671961,0.4317174042168056,0.4292928300089024,0.4402524368434212,0.42528080927783124,1.3
0.508880091876272,0.4028569740425852,0.6368004670509342,0.3752234037401802,0.4827508586846358,1.4
0.6240315882201074,0.4368780989906829,0.4577411377804536,0.572968399902323,0.5879248849577419,1.5
0.6018732932618018,0.6257586408555617,0.5957320201539759,0.5851834982334372,0.593928864831559,