0.1
0.5945650660238263,0.5816301337315044,0.574037089721558,0.7358189610709562,0.5622504584014405,0.5927107321366207,0.5528404365323772,0.5576259427093705,0.5511188145297742,0.5995647477201628,0.6125045308909941,0.5913987766442768,0.5854871090226023,0.5951149584291886,0.7064936007669776,0.7226438301039709,0.5726015974941193,0.610500624258218,0.5487098653708912,0.6141865826653564,0.3492078837059746,0.5625227341244985,0.5882696044817426,0.3783299652964198,0.4456946194896637,0.5403841274563451,0.7066587953071394,0.5782521202010014,0.5644023948652744,0.5741705804047067,
0.2
0.3998113778244195,0.6209567230746467,0.6848106965609972,0.5521016713980537,0.5514467924498463,0.6296914771183727,0.5917380048729293,0.5621526758880248,0.6051870117422723,0.6289667745527231,0.6072968622890537,0.5800782935563766,0.7228993528717829,0.6364009600337586,0.5519545721986329,0.5883785081618447,0.5395264852695791,0.6483254911162817,0.5750359310831037,0.5753555601817303,0.5608213090641746,0.5731407573504974,0.5844754509219182,0.6094657350174357,0.5829955312049676,0.6252769953887618,0.6146235971349816,0.39207442175240015,0.5576997821547377,0.5702574517464889,
0.3
0.5645219690578694,0.5752130228218719,0.5592543891313443,0.5645208046189231,0.5652304429154774,0.3895889496345223,0.5804271792880116,0.5833478498144516,0.6397711351858378,0.5908995484654925,0.6115011916691742,0.5663385026638765,0.572270141419791,0.5565017198426795,0.6087482090498243,0.6126303780425748,0.5961758087025094,0.5810066978014626,0.5654481724568468,0.5667301681138225,0.5563470184768396,0.5525815405751195,0.7038010639375261,0.5902651385124772,0.6248053745406321,0.6086292713121231,0.3595469577454591,0.577819003047153,0.6197750247342209,0.5834117156062852,
0.4
0.5658695413051534,0.5979648091224578,0.42625109685890417,0.5656398943795138,0.5941880398834071,0.7439549893803876,0.5578898744269236,0.5828847287763608,0.584866162261765,0.5937541189663811,0.7315184385714594,0.6216235538598269,0.5892492160978478,0.6162551377193013,0.6264541982205782,0.6022852329641291,0.5635267947363548,0.7417279984735121,0.588717491161193,0.6222963095251867,0.6132455014819466,0.5771288348762664,0.5681598908462615,0.5648674645490127,0.5459781164107852,0.7137807993440765,0.5628103792873949,0.6618022606119609,0.4082124378537761,0.6268252140431474,
0.5
0.29646174939943376,0.5917986314013569,0.6066322447147556,0.3604027729682474,0.732711665870693,0.712559236398719,0.5957266676068284,0.5629677646543255,0.5892823884816842,0.5928309852435473,0.6094634528127625,0.6157600311122053,0.5590923542089727,0.3865899229992655,0.6040166202064172,0.6032226797568896,0.566376503167693,0.5566517202259398,0.7182686206187443,0.5904740770478963,0.5946637957762947,0.36935718782931093,0.6095609047589545,0.6407667412617116,0.5719641840834008,0.5638453965668692,0.6822434799102429,0.3562872635984392,0.640722336232161,0.5568290921622976,
0.6
0.6155612538659724,0.6129897067875469,0.639434025481473,0.562424288544212,0.5518626336015705,0.6062850647680031,0.5684744770197674,0.36293585478705387,0.5977186743678727,0.6516560212327681,0.569952581087562,0.5576583995944469,0.5763954796247786,0.5746538673316047,0.6036980261030885,0.5796562177759639,0.3555575909086622,0.7321106409445554,0.575156423276733,0.5898882650855756,0.5813370826790286,0.561794281016421,0.5753367762119528,0.587533217553761,0.6385896289100411,0.5944138704047438,0.5836608475384524,0.5532542501036652,0.579194084989848,0.6398685244208269,
0.7
0.3249416184046125,0.6058872823969073,0.6013519646572824,0.7462137462709793,0.5824815625835362,0.5972242349441317,0.5553006873341564,0.5670591432731515,0.5691682824476206,0.5840951648158887,0.811531303208123,0.6079950664100647,0.6332820661651384,0.724378664014113,0.5570003726770467,0.5827337460600738,0.5615839353369149,0.31609246862100004,0.5804275007028431,0.555028568446495,0.5696168169206639,0.5845760425214839,0.35701999189331973,0.6575041241817172,0.3616116248197687,0.5686464834463171,0.72569457650453,0.663696684004413,0.5697903052471093,0.6146161873732428,
0.8
0.5698431150161751,0.5693132890065705,0.5736882641017607,0.5765669845197369,0.5606570826935127,0.5823980903223428,0.642074828040466,0.5915782444651821,0.5595767363777983,0.596867421856003,0.5428081372806441,0.47413648093529565,0.5739546819856886,0.6055545012287581,0.574848561018421,0.5820722230419852,0.3587677768892878,0.3828392262116352,0.36201574800881964,0.6200029931645448,0.6205519828381699,0.3310613602581113,0.5794827898326002,0.7361555834249582,0.5898183638543351,0.5465422433976093,0.6094634848800172,0.5826336256160458,0.5720994882972228,0.6172777226965177,
0.9
0.3547498877780588,0.6452291884059641,0.5673771401996907,0.5686561257571007,0.40441054583975966,0.5771676360418005,0.5620681175703811,0.5319927473473349,0.41525786802830406,0.368961975191531,0.5767346985701927,0.6185345232636006,0.5583452855628731,0.5689596978455268,0.6936520200711428,0.355435531957818,0.36152242644385413,0.559110238971183,0.5718959612399721,0.6588516483953151,0.63591888007675,0.6087744846589244,0.6351975049103541,0.5848155287534302,0.5627841839576141,0.56994681186166,0.3237623623917219,0.6187660900702513,0.5736372572720999,0.6334820878132306,
1
0.5878185667406745,0.5478876308823097,0.5734215842633807,0.3874481210068255,0.5109348974417628,0.5707453160939837,0.5697537349719979,0.5632230044149512,0.4130616493984726,0.7320108956422554,0.6394614471493857,0.5558972739778084,0.5884395088388076,0.40695293966215956,0.4119499433513482,0.40768947581723614,0.6327743499443799,0.3342981554327533,0.5793861184494017,0.5671648727018066,0.5682960649687062,0.5956762236851019,0.4071391165755621,0.34944059293028507,0.5796862243217853,0.6170153902010088,0.5721141014653969,0.3924939545521334,0.6124814020920696,0.5631965754414077,
1.1
0.5741668856156329,0.6244631792681882,0.5831689713603474,0.6966022274124698,0.48371267511178334,0.5889254489692848,0.6193416421728154,0.5763693876115211,0.573079708167564,0.6851661297240764,0.5890127139327388,0.3294402817958079,0.6184119815852788,0.40700338056633645,0.5419649450159884,0.42802038966472,0.7689042421380532,0.35661064078156834,0.2897058011485171,0.5567370782642252,0.546291185957599,0.603544636876773,0.5873682927451488,0.5944315368158465,0.5167360798506022,0.5665787370043944,0.5422519092632159,0.5557356823046491,0.3932859553827658,0.5837053560691311,
1.2
0.5518144788772846,0.36252492351111265,0.5575231787395531,0.5741829349942249,0.29475983562090485,0.5603678769676861,0.44176770143949606,0.5878193220861684,0.3880702630098478,0.31419087103007226,0.43285252667114654,0.49920661787420917,0.5201921043473764,0.3846343643890442,0.5560760792220265,0.4426086565510184,0.57527125709475,0.5868184792884694,0.5611844521709214,0.5593318792018381,0.5875255424209705,0.5642763659719495,0.5530960174074252,0.5751454645517582,0.4742919872072311,0.5847481998397052,0.5471362202047857,0.5587276217624619,0.5784002063724065,0.28585106300942414,
1.3
0.7324603948010003,0.5640320032653696,0.5554004851203743,0.522431771153418,0.413645126933385,0.5858629041139854,0.5329454770144971,0.3799167164500172,0.5642921967668155,0.562576831861323,0.6362050163938916,0.5695339024951104,0.2971094829254024,0.6244682121162823,0.289664730656243,0.6027228786792844,0.38598200199724986,0.6233378370796154,0.5246103285758342,0.48141247939454,0.36822936784571575,0.6006869075906766,0.5734854478820142,0.46937810394312,0.5794908937847777,0.5296620545430929,0.4126653991514224,0.5923735076770322,0.441605086012612,0.47224683392733346,
1.4
0.3961748057715383,0.46037139802583865,0.6180337744215275,0.6317410280067889,0.4766675134047441,0.4184576676851013,0.40340611418790123,0.5925386628085537,0.561048132630156,0.40721527970922544,0.5551970181519013,0.6613096751456391,0.5668031982101577,0.593867118640951,0.5799661507383786,0.6267652526432695,0.5505674236899775,0.44721500328768543,0.3314021935662788,0.6503712791426196,0.5639677114899515,0.5520261460142599,0.5373798921674051,0.5722980654900605,0.34201432291896705,0.3689344175927617,0.6150147293378717,0.5843951545893177,0.5639998671427705,0.5546789050350522,
1.5
0.5722710074070794,0.6430100214082239,0.48876813073546516,0.2910354320917828,0.4322515615618511,0.531821965924226,0.5870338169806895,0.6774311220016793,0.39666590080362335,0.5790546538807589,0.4783279779937186,0.37316796464677376,0.7002713255351702,0.502960575251428,0.6113713553557668,0.5483438174334581,0.6725224873129839,0.5148081855501501,0.6220722644069161,0.562838103332554,0.5466765219806742,0.52861632106099,0.5081232667664187,0.35578066203993086,0.5657272387362194,0.5914154772203539,0.3697383834184724,0.37149964770156757,0.39179891565447966,0.5416887316910067,
1.1
0.44926052783388076,0.5488905821260726,0.6040243184108006,0.5503425080658244,0.5930202970058583,0.3979928324165536,0.35700809416401974,0.39053361733508607,0.5567027756830331,0.4033224132191069,0.5769251547666041,0.3835664411579146,0.5867272150281075,0.5679090754494764,0.6670230647560884,0.5974751506939026,0.5652888494052661,0.4221500840428279,0.32719023289497096,0.5564041009745482,0.5712723445414586,0.5436727608073041,0.5801260922088018,0.5789651846665461,0.5625779853102711,0.34817097212836223,0.5512298311399797,0.5581638100329942,0.5657277364438821,0.5860035684749764,
1.2
0.5597742410802629,0.48876878060346635,0.57363601002725,0.6028387467510113,0.7226736989016547,0.5719909130497336,0.37683467456746667,0.5654179381801041,0.5803443738317906,0.401739285287086,0.3835339767892818,0.3321165219436403,0.2841504667768404,0.4393478202518588,0.6052309331164696,0.6609770183791664,0.5584145892966241,0.5453645208557397,0.4642705611976282,0.5881228185703901,0.3925749368680421,0.5793039018261814,0.5815286221751433,0.3742365178715624,0.5827509112492064,0.5766972087352632,0.3017700919371814,0.3669013585993862,0.5853986634318568,0.44649783732006304,
