0.1
0.8673102894100314,0.4791291578763864,0.2063736349422355,0.37230313645364543,0.880183178802066,0.42529712804059744,0.8626892391118014,0.7935218379690333,0.7672670401477528,0.7613192427179443,0.6855638432510001,0.4166841766211921,0.7908371333067231,0.7229056873323874,0.5702498838345184,
0.2
0.9084494586291649,0.7540766007420755,0.8364920875300863,0.5849292979363996,0.7582552500787869,0.8409781158976541,0.7489127169770389,0.8946123427670636,0.40481255118076864,0.8923235444150952,0.6226941288335319,0.4560019285918653,0.8806710566816498,0.7545833280276495,0.8912607759082267,
0.3
0.42518762669098004,0.476761391299134,0.25059445920804546,0.8433963635641566,0.8718258542514258,0.683507735545519,0.374723523638129,0.4599608771573144,0.8502054763241522,0.6151801362192836,0.44934042377765065,0.7087490929074912,0.8736738080981986,0.854076394884332,0.7732043556021113,
0.4
0.8832290770603671,0.7418525907994039,0.6916217523769976,0.6782852112152217,0.6811858152594022,0.5129161774566044,0.7030014480016343,0.4336856482925754,0.8014524102188629,0.4491617954532322,0.5187182371635062,0.7451028365920693,0.8498323308191695,0.4091635568494304,0.6857385609821495,
0.5
0.6701498736600331,0.7619354464122414,0.5795169230265926,0.47772254704818506,0.7086563474601563,0.4709551094308656,0.8862322736443882,0.8202829276971988,0.6932123122203757,0.6618869458612945,0.45109699003637505,0.8114509957082634,0.8346236919456644,0.42296686281308005,0.8667385415848071,
0.6
0.39030238900080116,0.43899725296303416,0.7533618008960397,0.814727017630339,0.7393672806176246,0.762765000716459,0.48858231839472827,0.8881235642334168,0.8207327814839996,0.8908365765400083,0.6794750370686066,0.7419470328879179,0.7651952423855304,0.7044322934725206,0.6529319609071845,
0.7
0.7455989411697136,0.7495114343962347,0.7080970452136096,0.4348286380266535,0.8427244141416506,0.7726654812426288,0.6832243661582169,0.8137558659928006,0.6918850231600473,0.8088808517365008,0.6849050299337451,0.7171100502287452,0.7642944757806506,0.75623490414861,0.8244945350970484,
0.8
0.3924649764369669,0.8187608632216056,0.7493811753892947,0.4600992099488546,0.4908457393402095,0.8949129836749659,0.8629226670764927,0.846757862016721,0.7405916898280396,0.46381043359121904,0.8623850606736825,0.430264205426069,0.7996593313319958,0.6369683065458518,0.41892967084570093,
0.9
0.4552852209438183,0.794133163328815,0.6827561109914394,0.7711043616213258,0.44710240171931714,0.4174510917832673,0.7085350334318486,0.8037891083167042,0.7274885348553475,0.684650059658017,0.5122483083836004,0.6797140924528952,0.764419961045895,0.7233978826031129,0.4194543778363638,
1
0.4653399986104005,0.7059387913233791,0.43741810557428723,0.9152539349803184,0.7899533950924171,0.7840907112627626,0.425648844801466,0.6292631896339539,0.8546433893205829,0.8077748816421316,0.7592520628860394,0.4932953007027955,0.6132668055551722,0.7876933283990878,0.7457083305969853,
0.1
0.39281140151417737,0.9355261598418549,0.8155477950840769,0.48871516464622555,0.6707685448231068,0.7717510734039562,0.7507442037740889,0.4201569753196717,0.732170378185353,0.5117944654103757,0.8051817498024036,0.7032847608880117,0.8265113593601676,0.8532602301895099,0.8533290838860255,0.7031698086222931,0.4645868084314044,0.7007974685476842,0.8637371862286806,0.40437079746947463,0.26742679461976815,0.7391770743310419,0.6567377513735326,0.7421210577577331,0.7933161471622432,0.6764292494827411,0.9090349582444571,0.9198713772498602,0.8044479615503067,0.7078164344444532,
0.2
0.7863411186824177,0.7867609200123458,0.6205412084324858,0.8215891902952289,0.6712314574302066,0.8603552097772865,0.8550757449308298,0.7699156053154794,0.7611606053548381,0.8530408909335139,0.9176368254497297,0.7798003115698915,0.5934980931534901,0.7237719015581087,0.44376128868428216,0.9005070132585645,0.7712919629943353,0.841416840603457,0.44197624537909813,0.8526102423503966,0.9378907840011937,0.9029001319984497,0.8090365331060706,0.46630465558190576,0.6886246555773156,0.8302175933819724,0.4254439106546821,0.8215214642748725,0.7185898757144592,0.9116648888206609,
0.3
0.5129722154597106,0.7757869383770477,0.7734244696467193,0.7043517644571666,0.8342705933915874,0.7881167698026946,0.4541180734459976,0.9243456395567115,0.6761154615226646,0.8302924212937073,0.5456504942919944,0.7389487965174415,0.8760547254271396,0.7476527117555329,0.7180240921027091,0.8037341523361714,0.6979476735682214,0.897432381555804,0.7975365587096664,0.874016612769781,0.9352543945214438,0.7342072463005089,0.6327594814081499,0.8482091021381746,0.49087315493691164,0.464524495823402,0.8476044095250919,0.6711326858480741,0.5849613660292121,0.8347191308115673,
0.4
0.8948849700012167,0.7399748499457375,0.8380381038007563,0.7543382049343602,0.8353770578892193,0.7376162135227344,0.462574833906739,0.5677224620331187,0.7593210601649377,0.8521229475678721,0.8649388065696919,0.7624408580415268,0.8801816717427431,0.823423432920588,0.8701424091054998,0.8426388644983538,0.4400567099477984,0.7139812874300082,0.8501321669918789,0.7818466481701396,0.7731642823547961,0.8222292429036511,0.9704934805654124,0.843389072174699,0.7078373457845467,0.8100647560663417,0.7851432916178523,0.5354658573445136,0.808025901847364,0.6721268719620951,
0.5
0.6925899628202691,0.48836309007643125,0.6730702659296399,0.427901792851346,0.8160732783660348,0.812781339423155,0.545729128826654,0.8724988114355123,0.811269796605653,0.4276547817853369,0.7162881174245613,0.8751116803805797,0.6622166330476044,0.43348713693877755,0.6168592148265637,0.4912934301488297,0.7784205681250691,0.48215020872683406,0.8258863335335387,0.4847133312954189,0.8068899263494861,0.834775122142572,0.7832622803726321,0.730333835955794,0.6981178945765077,0.8240410225381488,0.49691516899173876,0.7824707177247082,0.7848524070522049,0.6340454008065239,
0.6
0.44322375066283465,0.8360236956279159,0.814643695394492,0.7080245640810565,0.9114812655034858,0.7453657829896299,0.7164661574510007,0.42779616510051244,0.33107407018382834,0.43050121354339654,0.7953851140745098,0.700469322038988,0.8502208381599188,0.8482478879603941,0.7536094004380632,0.4228402062775242,0.8554719223829068,0.6996126978904184,0.8924064596794365,0.7871026238402917,0.8113710902788921,0.7275323715460768,0.7338671477064187,0.7412453072546378,0.8076414300372773,0.40764694634516746,0.6322744615544003,0.7606158286840933,0.7766851009149827,0.6701217877329989,
0.7
0.7362660070794611,0.723030267081435,0.8518621140022351,0.7343511454116218,0.7318378196167057,0.6377524451463633,0.7257839173927529,0.7815931639113503,0.657222330485353,0.683817143285417,0.7568505633547546,0.6796328917339499,0.8556006604904086,0.8015986401585486,0.6397448635506419,0.7721392319158182,0.7891924280764114,0.8080888228372153,0.7485134215270509,0.7775188553374345,0.5226942982245969,0.7287072247313997,0.4141355805332895,0.9579356341201872,0.495977409495219,0.846074023264819,0.4233749405777967,0.8580293084338548,0.6755168638343447,0.6799161631416067,
0.8
0.37305373538782227,0.5161386677008911,0.8270400896155287,0.8376039623645656,0.8856494992130516,0.7463722803869127,0.467454716542469,0.5359552526457821,0.7229090906014968,0.8102755045345311,0.8436724563160689,0.4402376514163663,0.9013327719343563,0.47766712886613794,0.7317085366467944,0.876932134450589,0.8788748031595607,0.7399455982801852,0.8235130675417378,0.7555316723889577,0.7807405862761627,0.8503965102197582,0.7872581821173363,0.5242950060282509,0.642912783992941,0.8299963285448714,0.8979736982093003,0.7504598731998098,0.5252696029497674,0.6823431904106797,
0.9
0.40546284411803424,0.6673338994496089,0.6914873638890411,0.513774221314828,0.8317091214381173,0.4974639342647009,0.7554736288508851,0.8263855246225785,0.43690561503012826,0.8523775095692749,0.463583235615997,0.7106678117028111,0.49195312876378205,0.8525413779894072,0.5400972354763475,0.728027066919756,0.7512834529996462,0.4865316074352906,0.7232754796586263,0.7867363871647423,0.8550789123321981,0.34084001064644337,0.8290233302129546,0.8249225789220871,0.8434446247912065,0.48364258282093003,0.7573858311437978,0.8171190504322554,0.8584926826305374,0.4596875679762321,
1
0.8035059885882735,0.6174266095960829,0.4431351336265175,0.7299541939935239,0.46454584853286923,0.6448909275693414,0.7949024127685009,0.8000559171650622,0.8742807234757212,0.63746515326481,0.799370110273568,0.8499291792714174,0.4798358697526914,0.7604791583720124,0.45475948518575166,0.48461364169984905,0.8194743833063477,0.4943691538772987,0.7665155799927454,0.7254764808477541,0.668399100665995,0.8664491066735617,0.5558259721264635,0.47906002457967917,0.6098054300889346,0.7501465390953692,0.6960807778990156,0.6787477123620048,0.6010971023552738,0.6940128660558019,
1.1
0.608215108749062,0.5149357478451606,0.47477432145393966,0.7428412904018542,0.4968396455558397,0.5462465872276089,0.4665521043544177,0.35250860218904456,0.4046359367048914,0.5218578464487622,0.4466113482740504,0.49184916528879075,0.7639941539170179,0.43683231745393597,0.6533471492135694,0.7306007273167661,0.3725978149737427,0.38470646803642694,0.7678712952455036,0.44366537602093703,0.7455237321188132,0.8352272647510625,0.7924847441940736,0.864075908504351,0.8377643728755084,0.311948930513747,0.6409492815294403,0.4185325049011875,0.7126666573781277,0.42612302828191023,
1.2
0.6726685440309391,0.6659399250086718,0.5698170554684733,0.7485859697639917,0.6411335204167788,0.7439266747494984,0.8990336828947966,0.6103079069973459,0.4401012218897465,0.7202637966638405,0.6409979952915295,0.39597813946816907,0.6160858593084225,0.7347714997979827,0.844315627499071,0.6923073677946353,0.6234898029940955,0.8584195547219423,0.39921568908277927,0.6927945329674532,0.6822572573726712,0.5859577630650346,0.8154126833568833,0.5348497274431548,0.48627602180874163,0.7365210384218264,0.6604241107295441,0.7227478026668842,0.8517934000776998,0.7400639753302767,
1.3
0.7759014808776017,0.6519432755699572,0.5345518749762698,0.7854858928015331,0.4425696871300041,0.5208725680224493,0.629970747514311,0.6629939841159378,0.6322666936230332,0.48640999782686284,0.7985502122597863,0.6592960124137367,0.7621086074277575,0.34034462975436436,0.5200926893622643,0.676495450903101,0.6243400964544549,0.7024930919944179,0.6592084538568911,0.7968535615697319,0.675099666843729,0.7110669523535634,0.7217415048617942,0.4461234945544543,0.5590272748712257,0.38179985642658903,0.4324537259209644,0.753964484254481,0.4504213684490681,0.6989780579148951,
1.4
0.5083309442971218,0.4633053733854889,0.7478389008668054,0.6472003937961657,0.5740823999629021,0.7934860535707556,0.5772088944507093,0.5264326890995542,0.5257808006672974,0.43487131645230653,0.5788495745687522,0.3979246081212215,0.5415740596735018,0.6800411695421354,0.4787083837288673,0.47430194384341823,0.5691045670930032,0.6650154342777644,0.5329677329195897,0.47365605776512565,0.5370282041335741,0.6370357790976362,0.6471423746825313,0.733993283929312,0.6846359767725867,0.4480050069933982,0.6259935679341768,0.6580911231658619,0.6028246697743792,0.5387005536635855,
1.5
0.40272221388600166,0.6337096122288068,0.5809908706496723,0.8007668534751429,0.6101852352751875,0.5936859181885916,0.5572494026590509,0.34519314948412444,0.42652435742687683,0.7633871222446683,0.5145260304426591,0.5905345716530578,0.7546759080936567,0.5100702739893045,0.6635922090143465,0.7468526503369248,0.4824090417506391,0.5852726322935302,0.611693293188833,0.6173249876566825,0.42862744412350734,0.46859690435196816,0.6543874467590163,0.5821695868177689,0.453108331032853,0.33471059770331757,0.6197642675454014,0.5488991478928682,0.3462731426501495,0.5066413887537633,
1.1
0.49034038720557094,0.821148225006271,0.4150849380425982,0.44502681252549764,0.7066005603248819,0.42825512312954156,0.5892396888102215,0.7320102783046627,0.4158076116077474,0.6711611005456791,0.8559275751257397,0.6481210066322753,0.3712455498853386,0.7248376026826988,0.7287271654219291,0.7511950773125534,0.8520168689323423,0.8698474602326914,0.5094827457181414,0.4850008267068017,0.6004769297852887,0.7824139787167752,0.4594576652102083,0.8162402155723273,0.5731177755557395,0.45533347168315447,0.8733472627952766,0.7360761862885655,0.4709855002669971,0.8383017842766965,
0.5
0.5348825758372086,0.5957345912033479,0.7692245128197093,0.7634249234287356,0.8290245494199097,0.8106956428724901,0.7217629340868763,0.5197671637845516,0.865307877243797,0.8463095035863978,0.8527349897310389,0.44700733578606167,0.6937739546332422,0.8277061659643628,0.6809508583494663,0.7489735476911547,0.464478063465916,0.850390931455507,0.7506123285227201,0.7218513830228225,0.672600840351404,0.6698062653036134,0.6874485152315697,0.8306042996628044,0.35449139412759356,0.7563100266107634,0.6885902803752406,0.6690002410901809,0.8739697584881405,0.38468461661590647,
1.2
0.6372850726836505,0.7341617226887147,0.46062397201581273,0.4153042275989168,0.758365019588115,0.5146621236685708,0.4258073227324487,0.36453733826524853,0.40332170902514103,0.7132169242868537,0.5336905269693211,0.5940406043768545,0.49010845651311297,0.7910971572486368,0.7443037700473729,0.4902288619062563,0.809370878232029,0.3323090996323387,0.483844479203625,0.4633538194917668,0.6669265491711528,0.6385436514968831,0.6133729600437229,0.6035718108616803,0.45063422215304977,0.7802047403959025,0.806508893326669,0.663376738357481,0.7152067980590291,0.48620590196469887,
1.4
0.6727988434852914,0.6893248266677917,0.6516055122482798,0.7457743430059844,0.6560310039965823,0.7450048173214335,0.46314408476460256,0.640606406624723,0.5099995871331572,0.34892130940727933,0.5664972044818288,0.713434500452653,0.42780272254030566,0.5889956934082043,0.6804535595112962,0.7387575115716956,0.4045954039037326,0.45032673220874986,0.6596831186300145,0.5925977265011707,0.564338826246996,0.5488623025970337,0.4906073705408153,0.7252982777631514,0.47527389361082,0.4138581305510729,0.48607029314301925,0.6777590497176881,0.3947597390268365,0.538227216680159,
1.5
0.7690738852947616,0.47414025295035667,0.5569525949979159,0.6790125590802893,0.5657071292383791,0.458778939207031,0.47586011495369746,0.7589855742273868,0.44208766889769957,0.4567729844039908,0.6340053908457338,0.5947661886059705,0.6981766470933505,0.5966754999957622,0.606250485016883,0.6040210365636025,0.40615304241035327,0.6567078299676146,0.6491965445625569,0.45714982090360995,0.5221709478984035,0.5171950277406471,0.7615744773851142,0.5060769459639669,0.7602608181084323,0.695407940823176,0.6150627267152503,0.4004359713794503,0.7074238619504677,0.6023771805768774,
1.3
0.7769700116829502,0.8359113810953619,0.7033534381437246,0.40746166378008136,0.7877428460399828,0.6364560101322382,0.39373848598698613,0.5128832291873536,0.4029809096409904,0.4957250320710082,0.6282935543636037,0.6763413196265939,0.8702944143246812,0.7512241573118997,0.7734314301554696,0.5151628161642429,0.4643331115767521,0.7503663399316796,0.5759846052419676,0.5970736992038107,0.8451162628181085,0.7776168111365472,0.8588347575641482,0.7840189199175447,0.8116205065635261,0.5044136185246932,0.7519215311571423,0.42801456573854657,0.6419553222231074,0.6614216807269079,
